# cmd line =  ./lat-cbc.py --s 20 --m 24 --m1 10 --b 1
# elapsed time = 375.410000 s
# 2019-05-22 18:41:30 local time
# 2019-05-22 16:41:30 UTC
pointset = 'lat'
s = 20
m = 24
p = 2
alpha = 1
a1 = 0
a2 = 1
a3 = 0
d1 = 1
d2 = 2
delta = 0.125
lambda_ = 0.571428571429
convrate = 0.875
b = '1'
power_2_fft = True
## b = 1 , 1 , 1 , ... , 1
